89254465949: 89254465949
latitude: 55.757062
Longitude: 37.612733
